Summary =================
   NMR file ......... ./DATA_EPSD_01_DMAX_60/1bdk.nmr
   maxRelRes ........ 7.412e-05
   numSolvedNodes ... 11 out of 15
   notSolvedNodes ... [12, 13, 14, 15]
   tElapsed(secs) ... 0.420

Coords [ x y z ] =====
 0.008671639 -0.026759235  0.094425632
  -1.0409361   0.92750942   0.31194276
  -2.3138432    0.4433006  -0.33830005
  -2.9540211  -0.72245601  0.024487063
  -4.1907783   -1.1913054  -0.56203943
  -5.1983379  -0.19287158   -1.0444388
  -8.7876853   0.92967057   -1.5738124
  -9.8101025   0.33701438  -0.75405255
  -9.9111841    1.1716657   0.45615268
  -6.2857821    3.7791166    1.8866254
  -5.0077273    4.0759902    2.4817455
           0            0            0
           0            0            0
           0            0            0
           0            0            0
