Summary =================
   NMR file ......... ./DATA_EPSD_01_DMAX_60/1du1.nmr
   maxRelRes ........ 9.373e-04
   numSolvedNodes ... 60 out of 60
   notSolvedNodes ... []
   tElapsed(secs) ... 97.333

Coords [ x y z ] =====
   3046.6309   -4519.2012     118513.9
   3045.3225   -4518.6387    118513.46
   3044.2914   -4519.7592     118513.3
   3043.1548   -4519.4515    118512.73
   3042.0948   -4520.4918    118512.58
   3041.6519   -4520.9921    118513.96
   3041.3167   -4520.0939    118514.85
   3040.8705   -4520.5194     118516.2
   3041.9777   -4521.3146    118516.89
   3043.1922   -4520.8599    118516.78
   3044.3186   -4521.5699    118517.43
   3044.3653   -4523.0205    118516.94
   3044.0748   -4523.2332    118515.69
   3044.0894   -4524.6185    118515.14
   3042.9739   -4525.4534    118515.77
   3041.9153   -4524.8238     118516.2
   3040.7969   -4525.5699    118516.82
   3041.3069   -4526.3941       118518
    3042.235   -4525.8621    118518.74
   3042.7876   -4526.6028     118519.9
   3043.6366    -4527.789    118519.43
   3044.2605   -4527.6772    118518.29
    3045.104   -4528.7858    118517.79
   3044.2835   -4529.7058     118516.9
   3043.0438   -4529.8318    118517.22
   3042.1442    -4530.689    118516.41
   3040.8684    -4531.026    118517.19
   3040.3782   -4530.1063    118517.97
   3039.1434   -4530.3738    118518.75
   3039.4367   -4531.2849    118519.94
   3040.2958   -4532.2394    118519.75
   3040.6008   -4533.1875    118520.84
   3039.4402   -4534.1681    118520.95
   3038.9065   -4534.5484    118519.83
   3037.7469   -4535.4622    118519.81
    3036.463   -4534.6445    118519.97
    3035.346   -4535.2872    118520.16
   3034.0655   -4534.5341    118520.31
   3034.3095   -4533.1967    118521.01
   3034.9359   -4533.2219    118522.16
   3035.1925   -4531.9573     118522.9
   3033.8714   -4531.3041    118523.31
   3033.0466   -4530.9496    118522.37
   3031.7473   -4530.3072    118522.71
   3030.9951   -4531.1525    118523.74
   3030.1578   -4532.0393    118523.28
   3029.3934   -4532.9013    118524.23
     3028.76   -4532.0412    118525.32
   3028.1291   -4532.6592    118526.28
     3027.47   -4531.8761    118527.37
   3026.1231   -4531.3375    118526.88
   3026.1238   -4530.5873    118525.82
   3024.8537   -4530.0485    118525.28
   3025.0979   -4528.6834    118524.63
   3024.9577   -4527.6267    118525.39
   3025.1753   -4526.2695    118524.81
   3024.1038   -4525.9823    118523.76
   3024.0229   -4526.7971    118522.74
   3022.9995   -4526.5633    118521.68
   3023.4899   -4525.4944     118520.7
