Summary =================
   NMR file ......... ./DATA_EPSD_01_DMAX_60/1edv.nmr
   maxRelRes ........ 8.405e-04
   numSolvedNodes ... 102 out of 102
   notSolvedNodes ... []
   tElapsed(secs) ... 474.213

Coords [ x y z ] =====
 0.026770329   0.07077976 -0.012037366
   -1.146101   0.91457208   0.28581861
  -2.4160859   0.35955714  -0.36540754
  -2.9803945  -0.73975522   0.14310091
  -4.1656936   -1.3758153  -0.43049012
  -3.8055245   -2.1816146   -1.6866665
  -3.3255557   -1.4966621   -2.7271769
   -2.934085    -2.132526   -3.9746174
  -4.1118566   -2.8952798   -4.5733376
  -5.2588123     -2.21983   -4.6621212
  -6.4906839   -2.7918163   -5.1714462
  -6.8452817   -4.0515228   -4.3727141
    -7.16141   -3.9334413   -3.0809973
   -7.534009    -5.071695   -2.2451868
  -6.3175769   -5.8976262   -1.7974471
  -5.4238188   -6.2639895   -2.7197478
  -4.3289051   -7.1935016   -2.4536019
  -3.7221818   -7.7030873   -3.7518295
  -3.4979524   -6.8264564   -4.7325665
  -2.8844363   -7.2229843   -5.9887169
  -3.9426562   -7.9457114   -6.8230812
  -4.8709195    -7.180172   -7.3930579
  -5.7296613   -7.6859199   -8.4443186
  -6.6340046   -8.8674415    -8.060423
  -7.2778916   -8.9269379   -6.8768016
  -8.1743877   -10.030887   -6.5680152
  -7.4247516   -11.352089   -6.3797446
  -6.0844925   -11.342071   -6.3524212
    -5.27773   -12.528371   -6.1101984
  -5.2388624   -13.408256   -7.3717265
  -6.3884604   -14.022935   -7.6650161
  -6.5932445   -15.056726   -8.6663822
  -5.8467009   -14.810327   -9.9744456
  -6.1503332    -13.69643   -10.656585
  -5.7224701   -13.364806   -12.019238
  -4.2345764   -13.021428   -12.130561
  -3.3657841   -13.893389    -11.61956
  -1.9148537   -13.831308   -11.721912
  -1.4001275   -12.407089   -11.497352
   -1.751104   -11.800634   -10.360827
  -1.3109297   -10.452371   -10.011272
  -2.1861908   -9.3997928    -10.70993
  -2.4744668   -9.6029522   -11.999676
  -3.3567531   -8.8042548   -12.840025
  -3.3265004   -9.4304334   -14.239462
  -4.4313957   -9.2813905   -14.964463
  -4.7813067   -10.020814   -16.169517
  -6.2968021   -9.9416048   -16.371007
  -6.8942624   -8.7714383   -16.108054
   -8.322987   -8.5256502   -16.248437
   -9.079476   -8.6500399   -14.924293
   -8.467981   -8.2242579   -13.813051
  -9.1015388   -8.0838293   -12.506234
  -10.279154   -7.0908729   -12.514549
  -9.9879146   -5.8199127   -12.212785
  -10.987629   -4.7798885   -11.979111
  -11.930926   -5.1077324    -10.80764
   -11.47771   -5.9192908   -9.8445907
  -12.354536   -6.5045902   -8.8352589
  -13.298986   -7.5317173   -9.4865766
  -12.929509   -8.8202097   -9.5300373
  -13.811071   -9.9143875   -9.9380314
  -14.601211   -9.6230338   -11.208337
  -13.920167   -9.3257179   -12.317318
  -14.560208   -9.3581554    -13.62123
  -15.704824   -8.3323068   -13.735772
  -15.510098   -7.0401533   -13.413254
  -16.614469   -6.1239399   -13.173445
  -17.517717   -6.5678685   -12.017381
  -16.948987   -6.7536295   -10.819734
  -17.697869   -6.9113372   -9.5786373
  -16.770438   -7.1732918   -8.3803967
  -16.546594   -8.4439976    -8.023644
  -16.174808   -8.8004894   -6.6525537
  -17.317671    -9.545416   -5.9749876
  -17.942203    -10.48525   -6.6930201
  -19.029685   -11.337355   -6.2212324
  -20.376436   -10.589479   -6.1723967
  -20.332331   -9.3356363   -5.7228048
  -21.396149   -8.3531249   -5.5557641
  -20.690051   -7.0461708   -5.1448068
  -19.748824   -7.1590267   -4.1978444
  -18.827528    -6.086278   -3.8444211
  -18.068954   -6.4132889    -2.554238
  -17.332003   -7.5335368   -2.5325326
  -16.353183   -7.8057343   -1.4754202
  -16.977232   -8.4399567  -0.22902419
  -17.053454   -9.7746591  -0.16815423
  -17.141626   -10.466553    1.1101062
  -18.427967   -10.182639    1.9078849
  -19.613013   -10.496728    1.3745324
  -20.859032   -10.503221     2.141324
  -21.934657    -9.672247     1.436546
  -21.557943   -8.4731404    0.9816492
  -22.458961   -7.5587073   0.28331014
   -21.90384   -6.1284972   0.11803938
  -21.472257   -5.3599942    1.1340238
  -20.964174   -5.6378687     2.485669
  -21.918974   -6.4097271    3.4200218
  -21.502577   -6.6032874    4.6752928
  -22.268619   -7.1897713    5.7695302
  -23.304952   -6.1929094    6.3078643
