Summary =================
   NMR file ......... ./DATA_EPSD_01_DMAX_60/1ee7.nmr
   maxRelRes ........ 2.994e-04
   numSolvedNodes ... 24 out of 27
   notSolvedNodes ... [25, 26, 27]
   tElapsed(secs) ... 4.283

Coords [ x y z ] =====
-0.025846404  -0.47718633  -0.82707983
-0.075093878   0.65176735  0.087017495
  -1.4888963    1.2311453   0.16542383
  -4.3015752  -0.45497623  -0.05251173
   -5.045553   -1.3080727   0.85864193
  -4.2971723   -1.4315596    2.1866811
  -5.7168701    1.7365282    4.0916357
  -7.1103579    1.4487616    4.3824808
   -7.209582   0.74234279    5.7356382
  -6.2582694  -0.14637808    5.9766535
  -6.2200093  -0.88297325    7.2286869
   -5.929167  0.066602563    8.3931934
   -5.132618     1.083685    8.0997444
  -4.7673661    2.0632077    9.1090134
  -5.8780282    3.0980148    9.2949499
  -8.3095431    1.7271381    11.245009
    -7.70199    1.6233043    12.560661
   -7.517478    3.0250931    13.144996
  -7.7178675    4.0165646    12.289079
  -7.5638114    5.4012745    12.699983
  -8.9458975    6.0334092    12.879834
  -11.213618    5.3158214    14.889097
   -11.37172    5.5288554    16.317618
  -10.432999    6.6300922    16.814789
           0            0            0
           0            0            0
           0            0            0
