Summary =================
   NMR file ......... ./DATA_EPSD_01_DMAX_60/1fw5.nmr
   maxRelRes ........ 6.170e-04
   numSolvedNodes ... 60 out of 60
   notSolvedNodes ... []
   tElapsed(secs) ... 111.635

Coords [ x y z ] =====
-0.027920683 -0.047863253  0.051278509
   -1.260915   0.71942918  0.041136296
  -2.4373432  -0.13508271  -0.43347758
  -3.5141281 -0.085701311   0.33632418
  -4.7015024  -0.85642677  0.0075482746
  -4.8879493  -0.91270024    -1.507869
   -5.110292   0.25852544   -2.0880796
  -5.3001757   0.35573208   -3.5245928
  -4.5613165   -0.7759021   -4.2420705
  -3.2599048  -0.83811541   -3.9985897
  -2.4375743   -1.8723121   -4.6071397
  -2.4880139   -3.1311287   -3.7407397
  -2.7999844   -2.9248516   -2.4698422
  -2.8751638   -4.0304527   -1.5297494
  -4.0334349   -4.9671134   -1.8802085
  -5.1654794   -4.3587327   -2.2020552
  -6.3536484   -5.1182541   -2.5485141
  -6.1309868   -5.8944989    -3.848436
  -5.5238567   -5.2115058    -4.808582
  -5.2512478   -5.8231277   -6.0993068
  -4.3816839   -7.0696116   -5.9193137
  -3.3547908    -6.921686   -5.0940292
  -2.4422458   -8.0205092   -4.8324126
  -3.1893352   -9.1741109   -4.1601114
  -4.1479128   -8.8080673   -3.3226334
  -4.9587902   -9.7948161   -2.6312852
    -5.68909   -10.685104   -3.6387308
  -6.1919985   -10.049125   -4.6872576
  -6.9265562   -10.766689   -5.7149976
  -5.9880187    -11.75647   -6.4096355
  -4.7891571   -11.273028    -6.705048
  -3.7899977   -12.097138   -7.3608244
  -3.3587828   -13.219759   -6.4150869
  -2.9993667   -12.822533     -5.20273
  -2.5574247   -13.782899   -4.2032456
  -3.6703357   -14.806264   -3.9637134
  -4.8576691   -14.287283   -3.6886225
  -6.0128763   -15.135033    -3.452541
  -6.2611917   -16.044194   -4.6572703
  -5.7118596   -15.639632   -5.7917837
  -5.8722249   -16.402094   -7.0178866
  -5.1062525   -17.720706   -6.9224771
  -3.9046882   -17.636437   -6.3704475
  -3.0705702    -18.81482   -6.2132699
  -3.7402843   -19.736197   -5.1908461
  -4.0558427    -19.16149   -4.0401837
  -4.7091583    -19.91287   -2.9816155
  -5.7252411   -20.881304   -3.5904179
  -5.9139105   -20.746789   -4.8956629
  -6.8594708   -21.587419   -5.6080798
  -7.3119527   -22.729503   -4.6972353
  -6.3315799   -23.599327    -4.335629
  -6.6176331   -24.735097   -3.4743467
  -6.8038372   -24.287742   -2.0231722
  -8.0633271   -24.206938   -1.6198644
  -8.3901638   -23.797907  -0.26533535
  -8.2175313   -24.975267   0.69523018
  -7.8825103   -26.122526   0.12341648
  -7.6703067   -27.320453   0.91857308
  -6.7734652    -26.98138    2.1111555
